1.000000000000000056e-01 1.151164094945136362e+01 5.000000000000000000e-01
1.249609141291986997e-01 1.765782765696967260e+01 5.000000000000000000e-01
1.561523006000497260e-01 2.690604231709185967e+01 5.000000000000000000e-01
1.951293422635963226e-01 4.059767721647607885e+01 5.000000000000000000e-01
2.438354098268828429e-01 6.035357762636861167e+01 5.000000000000000000e-01
3.046989570903508304e-01 8.768282371232727712e+01 5.000000000000000000e-01
3.807546021222372179e-01 1.228588755347882966e+02 5.000000000000000000e-01
4.757944314009410203e-01 1.626223378287987202e+02 5.000000000000000000e-01
5.945570708544390959e-01 1.973303496812369247e+02 5.000000000000000000e-01
7.429639507594948400e-01 2.114828781865396934e+02 5.000000000000000000e-01
9.284145445194744717e-01 1.930975871598947720e+02 5.000000000000000000e-01
1.160155301739971501e+00 1.465077661932137119e+02 5.000000000000000000e-01
1.449740670372631435e+00 9.125505250412271607e+01 5.000000000000000000e-01
1.811609194200414219e+00 4.638783598675074415e+01 5.000000000000000000e-01
2.263803409521447652e+00 1.910963895216450226e+01 5.000000000000000000e-01
2.828869434625969514e+00 6.285306581876278109e+00 5.000000000000000000e-01
3.534981105030105653e+00 1.597702865490943536e+00 5.000000000000000000e-01
4.417344703140068773e+00 2.957345628707330754e-01 5.000000000000000000e-01
5.519954321281570486e+00 3.647067032450324736e-02 5.000000000000000000e-01
6.897785379387654459e+00 2.667590672791104577e-03 5.000000000000000000e-01
8.619535664753032123e+00 1.001699670358949197e-04 5.000000000000000000e-01
1.077105056036769071e+01 1.617095871603870433e-06 5.000000000000000000e-01
1.345960324155364241e+01 9.017367712434496963e-09 5.000000000000000000e-01
1.681924324880868937e+01 1.324394424856676241e-11 5.000000000000000000e-01
2.101748011332487209e+01 3.657023239071343298e-15 5.000000000000000000e-01
2.626363527653332852e+01 1.247216545948039453e-19 5.000000000000000000e-01
3.281927872511474220e+01 3.110196318757550108e-25 5.000000000000000000e-01
4.101127070551299880e+01 2.947164304278003030e-32 5.000000000000000000e-01
5.124805876960931528e+01 4.685416095476766098e-41 5.000000000000000000e-01
6.404004271197275955e+01 4.500697168591259213e-52 5.000000000000000000e-01
8.002502278161051663e+01 7.291961931533037394e-66 5.000000000000000000e-01
1.000000000000000000e+02 4.045956384383505503e-83 5.000000000000000000e-01
1.000000000000000056e-01 2.878477307191145584e+00 8.000000000000000444e-01
1.249609141291986997e-01 4.451660049079290360e+00 8.000000000000000444e-01
1.561523006000497260e-01 6.862891835407957331e+00 8.000000000000000444e-01
1.951293422635963226e-01 1.053325247346582039e+01 8.000000000000000444e-01
2.438354098268828429e-01 1.606372687999551019e+01 8.000000000000000444e-01
3.046989570903508304e-01 2.426897001835919809e+01 8.000000000000000444e-01
3.807546021222372179e-01 3.614928648990465376e+01 8.000000000000000444e-01
4.757944314009410203e-01 5.267848266481865238e+01 8.000000000000000444e-01
5.945570708544390959e-01 7.416722702832780101e+01 8.000000000000000444e-01
7.429639507594948400e-01 9.891140703438927062e+01 8.000000000000000444e-01
9.284145445194744717e-01 1.213771499146603219e+02 8.000000000000000444e-01
1.160155301739971501e+00 1.321060129904682583e+02 8.000000000000000444e-01
1.449740670372631435e+00 1.229314914752060446e+02 8.000000000000000444e-01
1.811609194200414219e+00 9.525138824384291070e+01 8.000000000000000444e-01
2.263803409521447652e+00 6.064163027847435217e+01 8.000000000000000444e-01
2.828869434625969514e+00 3.152645372586208339e+01 8.000000000000000444e-01
3.534981105030105653e+00 1.329597808567953798e+01 8.000000000000000444e-01
4.417344703140068773e+00 4.487278339257299464e+00 8.000000000000000444e-01
5.519954321281570486e+00 1.175987410193898519e+00 8.000000000000000444e-01
6.897785379387654459e+00 2.262109369038089179e-01 8.000000000000000444e-01
8.619535664753032123e+00 2.931359650204191231e-02 8.000000000000000444e-01
1.077105056036769071e+01 2.284786979184431476e-03 8.000000000000000444e-01
1.345960324155364241e+01 9.301644193434940454e-05 8.000000000000000444e-01
1.681924324880868937e+01 1.662920859500543489e-06 8.000000000000000444e-01
2.101748011332487209e+01 1.054195043734450981e-08 8.000000000000000444e-01
2.626363527653332852e+01 1.818460159434056192e-11 8.000000000000000444e-01
3.281927872511474220e+01 6.141321710809322239e-15 8.000000000000000444e-01
4.101127070551299880e+01 2.694473998880108111e-19 8.000000000000000444e-01
5.124805876960931528e+01 9.206946508986714445e-25 8.000000000000000444e-01
6.404004271197275955e+01 1.293426755184842446e-31 8.000000000000000444e-01
8.002502278161051663e+01 3.363823466625745605e-40 8.000000000000000444e-01
1.000000000000000000e+02 5.977313333828160082e-51 8.000000000000000444e-01
1.000000000000000056e-01 1.118308820461146214e+00 1.100000000000000089e+00
1.249609141291986997e-01 1.734848844387544720e+00 1.100000000000000089e+00
1.561523006000497260e-01 2.685883636046933809e+00 1.100000000000000089e+00
1.951293422635963226e-01 4.146844347318597634e+00 1.100000000000000089e+00
2.438354098268828429e-01 6.378000061620480388e+00 1.100000000000000089e+00
3.046989570903508304e-01 9.756304613425871963e+00 1.100000000000000089e+00
3.807546021222372179e-01 1.480612107722098436e+01 1.100000000000000089e+00
4.757944314009410203e-01 2.220514139014207800e+01 1.100000000000000089e+00
5.945570708544390959e-01 3.270339176522880820e+01 1.100000000000000089e+00
7.429639507594948400e-01 4.681999241869747408e+01 1.100000000000000089e+00
9.284145445194744717e-01 6.410152259899854243e+01 1.100000000000000089e+00
1.160155301739971501e+00 8.186025202224669783e+01 1.100000000000000089e+00
1.449740670372631435e+00 9.424990893201974984e+01 1.100000000000000089e+00
1.811609194200414219e+00 9.418265461030355823e+01 1.100000000000000089e+00
2.263803409521447652e+00 7.912618772381722465e+01 1.100000000000000089e+00
2.828869434625969514e+00 5.485976845145341940e+01 1.100000000000000089e+00
3.534981105030105653e+00 3.113119830049806680e+01 1.100000000000000089e+00
4.417344703140068773e+00 1.437820434345575649e+01 1.100000000000000089e+00
5.519954321281570486e+00 5.352670932943733639e+00 1.100000000000000089e+00
6.897785379387654459e+00 1.571754775450468156e+00 1.100000000000000089e+00
8.619535664753032123e+00 3.483035205974807091e-01 1.100000000000000089e+00
1.077105056036769071e+01 5.413553713642872689e-02 1.100000000000000089e+00
1.345960324155364241e+01 5.330631022019950704e-03 1.100000000000000089e+00
1.681924324880868937e+01 2.923318009715914650e-04 1.100000000000000089e+00
2.101748011332487209e+01 7.617590710015734585e-06 1.100000000000000089e+00
2.626363527653332852e+01 7.758228966126804951e-08 1.100000000000000089e+00
3.281927872511474220e+01 2.425762767728813750e-10 1.100000000000000089e+00
4.101127070551299880e+01 1.725471001963126421e-13 1.100000000000000089e+00
5.124805876960931528e+01 1.922622153663053553e-17 1.100000000000000089e+00
6.404004271197275955e+01 2.107326159534376943e-22 1.100000000000000089e+00
8.002502278161051663e+01 1.271146799412285276e-28 1.100000000000000089e+00
1.000000000000000000e+02 2.043184998207236750e-36 1.100000000000000089e+00
1.000000000000000056e-01 5.453890161567153116e-01 1.400000000000000133e+00
1.249609141291986997e-01 8.474260662855455095e-01 1.400000000000000133e+00
1.561523006000497260e-01 1.314808804481166771e+00 1.400000000000000133e+00
1.951293422635963226e-01 2.035966401462159681e+00 1.400000000000000133e+00
2.438354098268828429e-01 3.144232787700474319e+00 1.400000000000000133e+00
3.046989570903508304e-01 4.837722345165881066e+00 1.400000000000000133e+00
3.807546021222372179e-01 7.404074188662021605e+00 1.400000000000000133e+00
4.757944314009410203e-01 1.124510910887016202e+01 1.400000000000000133e+00
5.945570708544390959e-01 1.688435695437364714e+01 1.400000000000000133e+00
7.429639507594948400e-01 2.491207513169558396e+01 1.400000000000000133e+00
9.284145445194744717e-01 3.576717592177738680e+01 1.400000000000000133e+00
1.160155301739971501e+00 4.918924761612470320e+01 1.400000000000000133e+00
1.449740670372631435e+00 6.325161835274222000e+01 1.400000000000000133e+00
1.811609194200414219e+00 7.355408620611089532e+01 1.400000000000000133e+00
2.263803409521447652e+00 7.446401618527048072e+01 1.400000000000000133e+00
2.828869434625969514e+00 6.351554752275502125e+01 1.400000000000000133e+00
3.534981105030105653e+00 4.475593574595315260e+01 1.400000000000000133e+00
4.417344703140068773e+00 2.582473262106514866e+01 1.400000000000000133e+00
5.519954321281570486e+00 1.213441147258745723e+01 1.400000000000000133e+00
6.897785379387654459e+00 4.600906714076258730e+00 1.400000000000000133e+00
8.619535664753032123e+00 1.379425708802800354e+00 1.400000000000000133e+00
1.077105056036769071e+01 3.135826446568470982e-01 1.400000000000000133e+00
1.345960324155364241e+01 5.035656341023554000e-02 1.400000000000000133e+00
1.681924324880868937e+01 5.171416270596289159e-03 1.400000000000000133e+00
2.101748011332487209e+01 2.992469718298395036e-04 1.400000000000000133e+00
2.626363527653332852e+01 8.346765628554944335e-06 1.400000000000000133e+00
3.281927872511474220e+01 9.261505781081309791e-08 1.400000000000000133e+00
4.101127070551299880e+01 3.224689004490333772e-10 1.400000000000000133e+00
5.124805876960931528e+01 2.624704436298754876e-13 1.400000000000000133e+00
6.404004271197275955e+01 3.461936809394905931e-17 1.400000000000000133e+00
8.002502278161051663e+01 4.685692774992767787e-22 1.400000000000000133e+00
1.000000000000000000e+02 3.679449027515098341e-28 1.400000000000000133e+00
1.000000000000000056e-01 3.056490369649400574e-01 1.700000000000000178e+00
1.249609141291986997e-01 4.753818146016967061e-01 1.700000000000000178e+00
1.561523006000497260e-01 7.385266216573158626e-01 1.700000000000000178e+00
1.951293422635963226e-01 1.145594779188933154e+00 1.700000000000000178e+00
2.438354098268828429e-01 1.773409836226398362e+00 1.700000000000000178e+00
3.046989570903508304e-01 2.737626603094020616e+00 1.700000000000000178e+00
3.807546021222372179e-01 4.209678861257256877e+00 1.700000000000000178e+00
4.757944314009410203e-01 6.437502955143689753e+00 1.700000000000000178e+00
5.945570708544390959e-01 9.765136137106015468e+00 1.700000000000000178e+00
7.429639507594948400e-01 1.463509752938857211e+01 1.700000000000000178e+00
9.284145445194744717e-01 2.153170365401446062e+01 1.700000000000000178e+00
1.160155301739971501e+00 3.077503786822138920e+01 1.700000000000000178e+00
1.449740670372631435e+00 4.202464445656222125e+01 1.700000000000000178e+00
1.811609194200414219e+00 5.345314655509546498e+01 1.700000000000000178e+00
2.263803409521447652e+00 6.119119034988167982e+01 1.700000000000000178e+00
2.828869434625969514e+00 6.069440481082428107e+01 1.700000000000000178e+00
3.534981105030105653e+00 5.055438440178620851e+01 1.700000000000000178e+00
4.417344703140068773e+00 3.473058554431800360e+01 1.700000000000000178e+00
5.519954321281570486e+00 1.952361554469328908e+01 1.700000000000000178e+00
6.897785379387654459e+00 8.929766082366525026e+00 1.700000000000000178e+00
8.619535664753032123e+00 3.289944642256634744e+00 1.700000000000000178e+00
1.077105056036769071e+01 9.546528160871686763e-01 1.700000000000000178e+00
1.345960324155364241e+01 2.084833928197784292e-01 1.700000000000000178e+00
1.681924324880868937e+01 3.180265722694543967e-02 1.700000000000000178e+00
2.101748011332487209e+01 3.056971207231725610e-03 1.700000000000000178e+00
2.626363527653332852e+01 1.625638465292907932e-04 1.700000000000000178e+00
3.281927872511474220e+01 4.074194166081785379e-06 1.700000000000000178e+00
4.101127070551299880e+01 3.950706019739387847e-08 1.700000000000000178e+00
5.124805876960931528e+01 1.161480504459392265e-10 1.700000000000000178e+00
6.404004271197275955e+01 7.648260643938166913e-14 1.700000000000000178e+00
8.002502278161051663e+01 7.737776383387245731e-18 1.700000000000000178e+00
1.000000000000000000e+02 7.516404900134760496e-23 1.700000000000000178e+00
1.000000000000000056e-01 1.881464882438582675e-01 2.000000000000000000e+00
1.249609141291986997e-01 2.928200315906266393e-01 2.000000000000000000e+00
1.561523006000497260e-01 4.553017597608148836e-01 2.000000000000000000e+00
1.951293422635963226e-01 7.070709127121845849e-01 2.000000000000000000e+00
2.438354098268828429e-01 1.096260373318238557e+00 2.000000000000000000e+00
3.046989570903508304e-01 1.695902326247975100e+00 2.000000000000000000e+00
3.807546021222372179e-01 2.615553229970803972e+00 2.000000000000000000e+00
4.757944314009410203e-01 4.016710302141159872e+00 2.000000000000000000e+00
5.945570708544390959e-01 6.130829501598569209e+00 2.000000000000000000e+00
7.429639507594948400e-01 9.273996439852545848e+00 2.000000000000000000e+00
9.284145445194744717e-01 1.384021425060723942e+01 2.000000000000000000e+00
1.160155301739971501e+00 2.022861093008782163e+01 2.000000000000000000e+00
1.449740670372631435e+00 2.861408477766472203e+01 2.000000000000000000e+00
1.811609194200414219e+00 3.844165712386502065e+01 2.000000000000000000e+00
2.263803409521447652e+00 4.769724962586378325e+01 2.000000000000000000e+00
2.828869434625969514e+00 5.271723553928409700e+01 2.000000000000000000e+00
3.534981105030105653e+00 5.000344728826306095e+01 2.000000000000000000e+00
4.417344703140068773e+00 3.958207687150756726e+01 2.000000000000000000e+00
5.519954321281570486e+00 2.577008024221997218e+01 2.000000000000000000e+00
6.897785379387654459e+00 1.370865632729423922e+01 2.000000000000000000e+00
8.619535664753032123e+00 5.921472997365580859e+00 2.000000000000000000e+00
1.077105056036769071e+01 2.051218362624164904e+00 2.000000000000000000e+00
1.345960324155364241e+01 5.542685186998046465e-01 2.000000000000000000e+00
1.681924324880868937e+01 1.107904272906507642e-01 2.000000000000000000e+00
2.101748011332487209e+01 1.508392238601080279e-02 2.000000000000000000e+00
2.626363527653332852e+01 1.252690589024106063e-03 2.000000000000000000e+00
3.281927872511474220e+01 5.528725559011826452e-05 2.000000000000000000e+00
4.101127070551299880e+01 1.094568343336779146e-06 2.000000000000000000e+00
5.124805876960931528e+01 7.888773089673933009e-09 2.000000000000000000e+00
6.404004271197275955e+01 1.598334281238829632e-11 2.000000000000000000e+00
8.002502278161051663e+01 6.602701245032577152e-15 2.000000000000000000e+00
1.000000000000000000e+02 3.727345670923517150e-19 2.000000000000000000e+00
1.000000000000000056e-01 1.239206618915962566e-01 2.300000000000000266e+00
1.249609141291986997e-01 1.929536827889463402e-01 2.300000000000000266e+00
1.561523006000497260e-01 3.002057302676255368e-01 2.300000000000000266e+00
1.951293422635963226e-01 4.665899797527356396e-01 2.300000000000000266e+00
2.438354098268828429e-01 7.241980763793900433e-01 2.300000000000000266e+00
3.046989570903508304e-01 1.121974751163217876e+00 2.300000000000000266e+00
3.807546021222372179e-01 1.733908417216305509e+00 2.300000000000000266e+00
4.757944314009410203e-01 2.670367054241149063e+00 2.300000000000000266e+00
5.945570708544390959e-01 4.092603742570766201e+00 2.300000000000000266e+00
7.429639507594948400e-01 6.228314561636143942e+00 2.300000000000000266e+00
9.284145445194744717e-01 9.380184350510903712e+00 2.300000000000000266e+00
1.160155301739971501e+00 1.390497094252876131e+01 2.300000000000000266e+00
1.449740670372631435e+00 2.011111034669491815e+01 2.300000000000000266e+00
1.811609194200414219e+00 2.798057967006835511e+01 2.300000000000000266e+00
2.263803409521447652e+00 3.663096362299679498e+01 2.300000000000000266e+00
2.828869434625969514e+00 4.372925264816483093e+01 2.300000000000000266e+00
3.534981105030105653e+00 4.583940119454857154e+01 2.300000000000000266e+00
4.417344703140068773e+00 4.074747474715642426e+01 2.300000000000000266e+00
5.519954321281570486e+00 3.002153743325601098e+01 2.300000000000000266e+00
6.897785379387654459e+00 1.813861958868120894e+01 2.300000000000000266e+00
8.619535664753032123e+00 8.936406757033196868e+00 2.300000000000000266e+00
1.077105056036769071e+01 3.562439239511145939e+00 2.300000000000000266e+00
1.345960324155364241e+01 1.129873054677832167e+00 2.300000000000000266e+00
1.681924324880868937e+01 2.749854286694221606e-01 2.300000000000000266e+00
2.101748011332487209e+01 4.817038246017525671e-02 2.300000000000000266e+00
2.626363527653332852e+01 5.533301806968739245e-03 2.300000000000000266e+00
3.281927872511474220e+01 3.695236075075494396e-04 2.300000000000000266e+00
4.101127070551299880e+01 1.236136480710649730e-05 2.300000000000000266e+00
5.124805876960931528e+01 1.724773350569299719e-07 2.300000000000000266e+00
6.404004271197275955e+01 8.007485256456507565e-10 2.300000000000000266e+00
8.002502278161051663e+01 9.347117812806858369e-13 2.300000000000000266e+00
1.000000000000000000e+02 1.936012820925876048e-16 2.300000000000000266e+00
1.000000000000000056e-01 8.589571861848548096e-02 2.600000000000000533e+00
1.249609141291986997e-01 1.337934523824625688e-01 2.600000000000000533e+00
1.561523006000497260e-01 2.082576135175349952e-01 2.600000000000000533e+00
1.951293422635963226e-01 3.238767293632147104e-01 2.600000000000000533e+00
2.438354098268828429e-01 5.030945560597259725e-01 2.600000000000000533e+00
3.046989570903508304e-01 7.802659653509550486e-01 2.600000000000000533e+00
3.807546021222372179e-01 1.207600525779043865e+00 2.600000000000000533e+00
4.757944314009410203e-01 1.863604929103835461e+00 2.600000000000000533e+00
5.945570708544390959e-01 2.864435945993296873e+00 2.600000000000000533e+00
7.429639507594948400e-01 4.377585281250047089e+00 2.600000000000000533e+00
9.284145445194744717e-01 6.634258977877734331e+00 2.600000000000000533e+00
1.160155301739971501e+00 9.928858788606826025e+00 2.600000000000000533e+00
1.449740670372631435e+00 1.457591924839149300e+01 2.600000000000000533e+00
1.811609194200414219e+00 2.076185743080364787e+01 2.600000000000000533e+00
2.263803409521447652e+00 2.819853694257100685e+01 2.600000000000000533e+00
2.828869434625969514e+00 3.557221552668762854e+01 2.600000000000000533e+00
3.534981105030105653e+00 4.024479447650484332e+01 2.600000000000000533e+00
4.417344703140068773e+00 3.931793364146540881e+01 2.600000000000000533e+00
5.519954321281570486e+00 3.218402664057701656e+01 2.600000000000000533e+00
6.897785379387654459e+00 2.170588381380083121e+01 2.600000000000000533e+00
8.619535664753032123e+00 1.197256835591130653e+01 2.600000000000000533e+00
1.077105056036769071e+01 5.369636995439867277e+00 2.600000000000000533e+00
1.345960324155364241e+01 1.937123140937631272e+00 2.600000000000000533e+00
1.681924324880868937e+01 5.486881649544177453e-01 2.600000000000000533e+00
2.101748011332487209e+01 1.163023862486090715e-01 2.600000000000000533e+00
2.626363527653332852e+01 1.707460215732563985e-02 2.600000000000000533e+00
3.281927872511474220e+01 1.562359787258724717e-03 2.600000000000000533e+00
4.101127070551299880e+01 7.802124512923841763e-05 2.600000000000000533e+00
5.124805876960931528e+01 1.805827116554536839e-06 2.600000000000000533e+00
6.404004271197275955e+01 1.584192871619739013e-08 2.600000000000000533e+00
8.002502278161051663e+01 4.107299867548538702e-11 2.600000000000000533e+00
1.000000000000000000e+02 2.310621853608915073e-14 2.600000000000000533e+00
1.000000000000000056e-01 6.196430633079825362e-02 2.900000000000000355e+00
1.249609141291986997e-01 9.654392760405090812e-02 2.900000000000000355e+00
1.561523006000497260e-01 1.503302349281228356e-01 2.900000000000000355e+00
1.951293422635963226e-01 2.338987504992467437e-01 2.900000000000000355e+00
2.438354098268828429e-01 3.635506445813270204e-01 2.900000000000000355e+00
3.046989570903508304e-01 5.643054614870481878e-01 2.900000000000000355e+00
3.807546021222372179e-01 8.743330067549315299e-01 2.900000000000000355e+00
4.757944314009410203e-01 1.351358267074230568e+00 2.900000000000000355e+00
5.945570708544390959e-01 2.081545417886294658e+00 2.900000000000000355e+00
7.429639507594948400e-01 3.190915533303565255e+00 2.900000000000000355e+00
9.284145445194744717e-01 4.857728479369558094e+00 2.900000000000000355e+00
1.160155301739971501e+00 7.319719840448694725e+00 2.900000000000000355e+00
1.449740670372631435e+00 1.085904453490740451e+01 2.900000000000000355e+00
1.811609194200414219e+00 1.572489366603411654e+01 2.900000000000000355e+00
2.263803409521447652e+00 2.192023738800755339e+01 2.900000000000000355e+00
2.828869434625969514e+00 2.878311273302764661e+01 2.900000000000000355e+00
3.534981105030105653e+00 3.451300470890622307e+01 2.900000000000000355e+00
4.417344703140068773e+00 3.639483863988321133e+01 2.900000000000000355e+00
5.519954321281570486e+00 3.258500021531425972e+01 2.900000000000000355e+00
6.897785379387654459e+00 2.419628372016575923e+01 2.900000000000000355e+00
8.619535664753032123e+00 1.473802232905631371e+01 2.900000000000000355e+00
1.077105056036769071e+01 7.321759852888139797e+00 2.900000000000000355e+00
1.345960324155364241e+01 2.944455630350179209e+00 2.900000000000000355e+00
1.681924324880868937e+01 9.430100797170282156e-01 2.900000000000000355e+00
2.101748011332487209e+01 2.322074657493945760e-01 2.900000000000000355e+00
2.626363527653332852e+01 4.128535679503743394e-02 2.900000000000000355e+00
3.281927872511474220e+01 4.834036785512620116e-03 2.900000000000000355e+00
4.101127070551299880e+01 3.308348071185372719e-04 2.900000000000000355e+00
5.124805876960931528e+01 1.141690570461396363e-05 2.900000000000000355e+00
6.404004271197275955e+01 1.656758245749410078e-07 2.900000000000000355e+00
8.002502278161051663e+01 8.080484840403709064e-10 2.900000000000000355e+00
1.000000000000000000e+02 1.003366817119596494e-12 2.900000000000000355e+00
1.000000000000000056e-01 4.615769592894852086e-02 3.200000000000000178e+00
1.249609141291986997e-01 7.193225196601887861e-02 3.200000000000000178e+00
1.561523006000497260e-01 1.120389632418888198e-01 3.200000000000000178e+00
1.951293422635963226e-01 1.743861017438222138e-01 3.200000000000000178e+00
2.438354098268828429e-01 2.711816674241724900e-01 3.200000000000000178e+00
3.046989570903508304e-01 4.212016019267828537e-01 3.200000000000000178e+00
3.807546021222372179e-01 6.531745732158881212e-01 3.200000000000000178e+00
4.757944314009410203e-01 1.010733870037625826e+00 3.200000000000000178e+00
5.945570708544390959e-01 1.559431613612849210e+00 3.200000000000000178e+00
7.429639507594948400e-01 2.396122654481089409e+00 3.200000000000000178e+00
9.284145445194744717e-01 3.660149217195115323e+00 3.200000000000000178e+00
1.160155301739971501e+00 5.543093087728300006e+00 3.200000000000000178e+00
1.449740670372631435e+00 8.286995954609535531e+00 3.200000000000000178e+00
1.811609194200414219e+00 1.214553121716384076e+01 3.200000000000000178e+00
2.263803409521447652e+00 1.725506110717982367e+01 3.200000000000000178e+00
2.828869434625969514e+00 2.333994744272610689e+01 3.200000000000000178e+00
3.534981105030105653e+00 2.926028400554533349e+01 3.200000000000000178e+00
4.417344703140068773e+00 3.281281548571659812e+01 3.200000000000000178e+00
5.519954321281570486e+00 3.169865684725483135e+01 3.200000000000000178e+00
6.897785379387654459e+00 2.561672962291690681e+01 3.200000000000000178e+00
8.619535664753032123e+00 1.704449354373728909e+01 3.200000000000000178e+00
1.077105056036769071e+01 9.271669381499426876e+00 3.200000000000000178e+00
1.345960324155364241e+01 4.098837826806279061e+00 3.200000000000000178e+00
1.681924324880868937e+01 1.455922863324885963e+00 3.200000000000000178e+00
2.101748011332487209e+01 4.050655918682750101e-01 3.200000000000000178e+00
2.626363527653332852e+01 8.397039348820603544e-02 3.200000000000000178e+00
3.281927872511474220e+01 1.198057836561743604e-02 3.200000000000000178e+00
4.101127070551299880e+01 1.056691346750608922e-03 3.200000000000000178e+00
5.124805876960931528e+01 5.035371484879492182e-05 3.200000000000000178e+00
6.404004271197275955e+01 1.098382410738272937e-06 3.200000000000000178e+00
8.002502278161051663e+01 8.943140890622846971e-09 3.200000000000000178e+00
1.000000000000000000e+02 2.111512487656788994e-11 3.200000000000000178e+00
1.000000000000000056e-01 3.530086821076836717e-02 3.500000000000000444e+00
1.249609141291986997e-01 5.502292662024171194e-02 3.500000000000000444e+00
1.561523006000497260e-01 8.572163368671860406e-02 3.500000000000000444e+00
1.951293422635963226e-01 1.334641053746181139e-01 3.500000000000000444e+00
2.438354098268828429e-01 2.076272617332457215e-01 3.500000000000000444e+00
3.046989570903508304e-01 3.226563913723924926e-01 3.500000000000000444e+00
3.807546021222372179e-01 5.007046871137839084e-01 3.500000000000000444e+00
4.757944314009410203e-01 7.755300458244588357e-01 3.500000000000000444e+00
5.945570708544390959e-01 1.198098462898813388e+00 3.500000000000000444e+00
7.429639507594948400e-01 1.844287867105405265e+00 3.500000000000000444e+00
9.284145445194744717e-01 2.824615537959496159e+00 3.500000000000000444e+00
1.160155301739971501e+00 4.294314352750466135e+00 3.500000000000000444e+00
1.449740670372631435e+00 6.457725125614756756e+00 3.500000000000000444e+00
1.811609194200414219e+00 9.550594744723246876e+00 3.500000000000000444e+00
2.263803409521447652e+00 1.376308675572971119e+01 3.500000000000000444e+00
2.828869434625969514e+00 1.903890737364956820e+01 3.500000000000000444e+00
3.534981105030105653e+00 2.470393851416934439e+01 3.500000000000000444e+00
4.417344703140068773e+00 2.910790057953863297e+01 3.500000000000000444e+00
5.519954321281570486e+00 2.998380233941989559e+01 3.500000000000000444e+00
6.897785379387654459e+00 2.610330772184068238e+01 3.500000000000000444e+00
8.619535664753032123e+00 1.880234304301218273e+01 3.500000000000000444e+00
1.077105056036769071e+01 1.109785053876405669e+01 3.500000000000000444e+00
1.345960324155364241e+01 5.337790897490008568e+00 3.500000000000000444e+00
1.681924324880868937e+01 2.074606344528186153e+00 3.500000000000000444e+00
2.101748011332487209e+01 6.396023102586992914e-01 3.500000000000000444e+00
2.626363527653332852e+01 1.504256470014620484e-01 3.500000000000000444e+00
3.281927872511474220e+01 2.522718163612201747e-02 3.500000000000000444e+00
4.101127070551299880e+01 2.739633985676945879e-03 3.500000000000000444e+00
5.124805876960931528e+01 1.702726564604354752e-04 3.500000000000000444e+00
6.404004271197275955e+01 5.199653804622314350e-06 3.500000000000000444e+00
8.002502278161051663e+01 6.467186864594114087e-08 3.500000000000000444e+00
1.000000000000000000e+02 2.598798694433619651e-10 3.500000000000000444e+00
1.000000000000000056e-01 2.759856180255028379e-02 3.800000000000000711e+00
1.249609141291986997e-01 4.302396585898805859e-02 3.800000000000000711e+00
1.561523006000497260e-01 6.704115794745243995e-02 3.800000000000000711e+00
1.951293422635963226e-01 1.044057587395198494e-01 3.800000000000000711e+00
2.438354098268828429e-01 1.624748393920077971e-01 3.800000000000000711e+00
3.046989570903508304e-01 2.525970621628294555e-01 3.800000000000000711e+00
3.807546021222372179e-01 3.922087254479090790e-01 3.800000000000000711e+00
4.757944314009410203e-01 6.079498290132153704e-01 3.800000000000000711e+00
5.945570708544390959e-01 9.401955590515018724e-01 3.800000000000000711e+00
7.429639507594948400e-01 1.449409925745453132e+00 3.800000000000000711e+00
9.284145445194744717e-01 2.224484404379049707e+00 3.800000000000000711e+00
1.160155301739971501e+00 3.392252670364124700e+00 3.800000000000000711e+00
1.449740670372631435e+00 5.124553227974209868e+00 3.800000000000000711e+00
1.811609194200414219e+00 7.632161587175752437e+00 3.800000000000000711e+00
2.263803409521447652e+00 1.111968296435375336e+01 3.800000000000000711e+00
2.828869434625969514e+00 1.565060863451103224e+01 3.800000000000000711e+00
3.534981105030105653e+00 2.086155154373406972e+01 3.800000000000000711e+00
4.417344703140068773e+00 2.558047465070558246e+01 3.800000000000000711e+00
5.519954321281570486e+00 2.781251104987055811e+01 3.800000000000000711e+00
6.897785379387654459e+00 2.584755632466227837e+01 3.800000000000000711e+00
8.619535664753032123e+00 1.999877014059464742e+01 3.800000000000000711e+00
1.077105056036769071e+01 1.271309632757832730e+01 3.800000000000000711e+00
1.345960324155364241e+01 6.599131740323136874e+00 3.800000000000000711e+00
1.681924324880868937e+01 2.778651947005317702e+00 3.800000000000000711e+00
2.101748011332487209e+01 9.361247545972404271e-01 3.800000000000000711e+00
2.626363527653332852e+01 2.448235881156050620e-01 3.800000000000000711e+00
3.281927872511474220e+01 4.697121806053393411e-02 3.800000000000000711e+00
4.101127070551299880e+01 6.066376253586360304e-03 3.800000000000000711e+00
5.124805876960931528e+01 4.707980117663037797e-04 3.800000000000000711e+00
6.404004271197275955e+01 1.906198637047726589e-05 3.800000000000000711e+00
8.002502278161051663e+01 3.384335677574962336e-07 3.800000000000000711e+00
1.000000000000000000e+02 2.126878489515658553e-09 3.800000000000000711e+00
1.000000000000000056e-01 2.198347548254080130e-02 4.100000000000000533e+00
1.249609141291986997e-01 3.427488135496555705e-02 4.100000000000000533e+00
1.561523006000497260e-01 5.341684985603493974e-02 4.100000000000000533e+00
1.951293422635963226e-01 8.320568994152131859e-02 4.100000000000000533e+00
2.438354098268828429e-01 1.295191081197945571e-01 4.100000000000000533e+00
3.046989570903508304e-01 2.014336595251528805e-01 4.100000000000000533e+00
3.807546021222372179e-01 3.129157799554838082e-01 4.100000000000000533e+00
4.757944314009410203e-01 4.853496072673232908e-01 4.100000000000000533e+00
5.945570708544390959e-01 7.512451782325180183e-01 4.100000000000000533e+00
7.429639507594948400e-01 1.159514862680524283e+00 4.100000000000000533e+00
9.284145445194744717e-01 1.782591620893184681e+00 4.100000000000000533e+00
1.160155301739971501e+00 2.725068896359166271e+00 4.100000000000000533e+00
1.449740670372631435e+00 4.131688252944421436e+00 4.100000000000000533e+00
1.811609194200414219e+00 6.187650747621985303e+00 4.100000000000000533e+00
2.263803409521447652e+00 9.093147151153825547e+00 4.100000000000000533e+00
2.828869434625969514e+00 1.297346890640508832e+01 4.100000000000000533e+00
3.534981105030105653e+00 1.766591874636354476e+01 4.100000000000000533e+00
4.417344703140068773e+00 2.237331270395034721e+01 4.100000000000000533e+00
5.519954321281570486e+00 2.545447513121591143e+01 4.100000000000000533e+00
6.897785379387654459e+00 2.504765687456553636e+01 4.100000000000000533e+00
8.619535664753032123e+00 2.067262712536465230e+01 4.100000000000000533e+00
1.077105056036769071e+01 1.406443110456788936e+01 4.100000000000000533e+00
1.345960324155364241e+01 7.827544231126174701e+00 4.100000000000000533e+00
1.681924324880868937e+01 3.543340407613071008e+00 4.100000000000000533e+00
2.101748011332487209e+01 1.291073045043244161e+00 4.100000000000000533e+00
2.626363527653332852e+01 3.699089144587286992e-01 4.100000000000000533e+00
3.281927872511474220e+01 7.952730260596854728e-02 4.100000000000000533e+00
4.101127070551299880e+01 1.189000097097207484e-02 4.100000000000000533e+00
5.124805876960931528e+01 1.113731175893129888e-03 4.100000000000000533e+00
6.404004271197275955e+01 5.730368937328202746e-05 4.100000000000000533e+00
8.002502278161051663e+01 1.377398885015749960e-06 4.100000000000000533e+00
1.000000000000000000e+02 1.267223279646078434e-08 4.100000000000000533e+00
1.000000000000000056e-01 1.779390492533204637e-02 4.400000000000000355e+00
1.249609141291986997e-01 2.774588405937821259e-02 4.400000000000000355e+00
1.561523006000497260e-01 4.324758625684525792e-02 4.400000000000000355e+00
1.951293422635963226e-01 6.737752578733061104e-02 4.400000000000000355e+00
2.438354098268828429e-01 1.049052970941210389e-01 4.400000000000000355e+00
3.046989570903508304e-01 1.632030079996839023e-01 4.400000000000000355e+00
3.807546021222372179e-01 2.536286613228925235e-01 4.400000000000000355e+00
4.757944314009410203e-01 3.936032945243105874e-01 4.400000000000000355e+00
5.945570708544390959e-01 6.096791887991444003e-01 4.400000000000000355e+00
7.429639507594948400e-01 9.419557561961588998e-01 4.400000000000000355e+00
9.284145445194744717e-01 1.450160386968171622e+00 4.400000000000000355e+00
1.160155301739971501e+00 2.221351285479705950e+00 4.400000000000000355e+00
1.449740670372631435e+00 3.377965005474016014e+00 4.400000000000000355e+00
1.811609194200414219e+00 5.081551148619135816e+00 4.400000000000000355e+00
2.263803409521447652e+00 7.519457782561339343e+00 4.400000000000000355e+00
2.828869434625969514e+00 1.084544967457751596e+01 4.400000000000000355e+00
3.534981105030105653e+00 1.502333819306205598e+01 4.400000000000000355e+00
4.417344703140068773e+00 1.953476342979075042e+01 4.400000000000000355e+00
5.519954321281570486e+00 2.308849826139298500e+01 4.400000000000000355e+00
6.897785379387654459e+00 2.388129067814748652e+01 4.400000000000000355e+00
8.619535664753032123e+00 2.089230951149430737e+01 4.400000000000000355e+00
1.077105056036769071e+01 1.512843093442893405e+01 4.400000000000000355e+00
1.345960324155364241e+01 8.978132950520638644e+00 4.400000000000000355e+00
1.681924324880868937e+01 4.342534634530088589e+00 4.400000000000000355e+00
2.101748011332487209e+01 1.697816009187276931e+00 4.400000000000000355e+00
2.626363527653332852e+01 5.269274200998583790e-01 4.400000000000000355e+00
3.281927872511474220e+01 1.249280367929990615e-01 4.400000000000000355e+00
4.101127070551299880e+01 2.116721591494645505e-02 4.400000000000000355e+00
5.124805876960931528e+01 2.329321366832867116e-03 4.400000000000000355e+00
6.404004271197275955e+01 1.472407527027401767e-04 4.400000000000000355e+00
8.002502278161051663e+01 4.593837338432057622e-06 4.400000000000000355e+00
1.000000000000000000e+02 5.870337965631503335e-08 4.400000000000000355e+00
1.000000000000000056e-01 1.460472890272975117e-02 4.700000000000001066e+00
1.249609141291986997e-01 2.277519752183044394e-02 4.700000000000001066e+00
1.561523006000497260e-01 3.550407983185678573e-02 4.700000000000001066e+00
1.951293422635963226e-01 5.532217209891236026e-02 4.700000000000001066e+00
2.438354098268828429e-01 8.615274769637736030e-02 4.700000000000001066e+00
3.046989570903508304e-01 1.340645171519846413e-01 4.700000000000001066e+00
3.807546021222372179e-01 2.084173145312973319e-01 4.700000000000001066e+00
4.757944314009410203e-01 3.235886391500278902e-01 4.700000000000001066e+00
5.945570708544390959e-01 5.015383286701131649e-01 4.700000000000001066e+00
7.429639507594948400e-01 7.755333707518284880e-01 4.700000000000001066e+00
9.284145445194744717e-01 1.195358910612954739e+00 4.700000000000001066e+00
1.160155301739971501e+00 1.834128219245162894e+00 4.700000000000001066e+00
1.449740670372631435e+00 2.795975436427635685e+00 4.700000000000001066e+00
1.811609194200414219e+00 4.221530299075161530e+00 4.700000000000001066e+00
2.263803409521447652e+00 6.282146742301363496e+00 4.700000000000001066e+00
2.828869434625969514e+00 9.141159740445349513e+00 4.700000000000001066e+00
3.534981105030105653e+00 1.284013064622463673e+01 4.700000000000001066e+00
4.417344703140068773e+00 1.706174736638948630e+01 4.700000000000001066e+00
5.519954321281570486e+00 2.082314128681581877e+01 4.700000000000001066e+00
6.897785379387654459e+00 2.249403819756976830e+01 4.700000000000001066e+00
8.619535664753032123e+00 2.073878637370431122e+01 4.700000000000001066e+00
1.077105056036769071e+01 1.590462900014935066e+01 4.700000000000001066e+00
1.345960324155364241e+01 1.001762922727512439e+01 4.700000000000001066e+00
1.681924324880868937e+01 5.150947860361015707e+00 4.700000000000001066e+00
2.101748011332487209e+01 2.147529863778058434e+00 4.700000000000001066e+00
2.626363527653332852e+01 7.157035747189571806e-01 4.700000000000001066e+00
3.281927872511474220e+01 1.847951947904791226e-01 4.700000000000001066e+00
4.101127070551299880e+01 3.488703740344682724e-02 4.700000000000001066e+00
5.124805876960931528e+01 4.414283139683895275e-03 4.700000000000001066e+00
6.404004271197275955e+01 3.334804163269018120e-04 4.700000000000001066e+00
8.002502278161051663e+01 1.305215004442679851e-05 4.700000000000001066e+00
1.000000000000000000e+02 2.220221347859527240e-07 4.700000000000001066e+00
1.000000000000000056e-01 1.213432346198771612e-02 5.000000000000000888e+00
1.249609141291986997e-01 1.892432564860688227e-02 5.000000000000000888e+00
1.561523006000497260e-01 2.950412085645725754e-02 5.000000000000000888e+00
1.951293422635963226e-01 4.597934613571083573e-02 5.000000000000000888e+00
2.438354098268828429e-01 7.161581842968227363e-02 5.000000000000000888e+00
3.046989570903508304e-01 1.114686426085670229e-01 5.000000000000000888e+00
3.807546021222372179e-01 1.733414530555333899e-01 5.000000000000000888e+00
4.757944314009410203e-01 2.692364095070151619e-01 5.000000000000000888e+00
5.945570708544390959e-01 4.175180759994559510e-01 5.000000000000000888e+00
7.429639507594948400e-01 6.460793668551979563e-01 5.000000000000000888e+00
9.284145445194744717e-01 9.968265399068108046e-01 5.000000000000000888e+00
1.160155301739971501e+00 1.531680703654494824e+00 5.000000000000000888e+00
1.449740670372631435e+00 2.339734418790912152e+00 5.000000000000000888e+00
1.811609194200414219e+00 3.543501697491130642e+00 5.000000000000000888e+00
2.263803409521447652e+00 5.297816215021037500e+00 5.000000000000000888e+00
2.828869434625969514e+00 7.765085502284160945e+00 5.000000000000000888e+00
3.534981105030105653e+00 1.103299608958975320e+01 5.000000000000000888e+00
4.417344703140068773e+00 1.492626206247652476e+01 5.000000000000000888e+00
5.519954321281570486e+00 1.871727209577077033e+01 5.000000000000000888e+00
6.897785379387654459e+00 2.099746690683608819e+01 5.000000000000000888e+00
8.619535664753032123e+00 2.029394795651371552e+01 5.000000000000000888e+00
1.077105056036769071e+01 1.640888968560922478e+01 5.000000000000000888e+00
1.345960324155364241e+01 1.092400359856910264e+01 5.000000000000000888e+00
1.681924324880868937e+01 5.945719240228340752e+00 5.000000000000000888e+00
2.101748011332487209e+01 2.630056882321551992e+00 5.000000000000000888e+00
2.626363527653332852e+01 9.348050035813526559e-01 5.000000000000000888e+00
3.281927872511474220e+01 2.602737245311104730e-01 5.000000000000000888e+00
4.101127070551299880e+01 5.400477017738020136e-02 5.000000000000000888e+00
5.124805876960931528e+01 7.714342954598777530e-03 5.000000000000000888e+00
6.404004271197275955e+01 6.814464852162465704e-04 5.000000000000000888e+00
8.002502278161051663e+01 3.253564844165444952e-05 5.000000000000000888e+00
1.000000000000000000e+02 7.114582360441195106e-07 5.000000000000000888e+00
1.000000000000000056e-01 1.019108759332891349e-02 5.300000000000000711e+00
1.249609141291986997e-01 1.589488250992729043e-02 5.300000000000000711e+00
1.561523006000497260e-01 2.478336521754324548e-02 5.300000000000000711e+00
1.951293422635963226e-01 3.862713166111659407e-02 5.300000000000000711e+00
2.438354098268828429e-01 6.017355119142416692e-02 5.300000000000000711e+00
3.046989570903508304e-01 9.367770511730319494e-02 5.300000000000000711e+00
3.807546021222372179e-01 1.457133924616065834e-01 5.300000000000000711e+00
4.757944314009410203e-01 2.264022312950295934e-01 5.300000000000000711e+00
5.945570708544390959e-01 3.512550242718123217e-01 5.300000000000000711e+00
7.429639507594948400e-01 5.438822817507463769e-01 5.300000000000000711e+00
9.284145445194744717e-01 8.398731725802377479e-01 5.300000000000000711e+00
1.160155301739971501e+00 1.292083046465626328e+00 5.300000000000000711e+00
1.449740670372631435e+00 1.977193505947802965e+00 5.300000000000000711e+00
1.811609194200414219e+00 3.002185839756440711e+00 5.300000000000000711e+00
2.263803409521447652e+00 4.506099584423007620e+00 5.300000000000000711e+00
2.828869434625969514e+00 6.644811437589409842e+00 5.300000000000000711e+00
3.534981105030105653e+00 9.531793323461471346e+00 5.300000000000000711e+00
4.417344703140068773e+00 1.309051209423894946e+01 5.300000000000000711e+00
5.519954321281570486e+00 1.679688761253924767e+01 5.300000000000000711e+00
6.897785379387654459e+00 1.947237375060723608e+01 5.300000000000000711e+00
8.619535664753032123e+00 1.963345683191796809e+01 5.300000000000000711e+00
1.077105056036769071e+01 1.666751803738854676e+01 5.300000000000000711e+00
1.345960324155364241e+01 1.168521250437267511e+01 5.300000000000000711e+00
1.681924324880868937e+01 6.707354479626677524e+00 5.300000000000000711e+00
2.101748011332487209e+01 3.134673983079597992e+00 5.300000000000000711e+00
2.626363527653332852e+01 1.181753218622366708e+00 5.300000000000000711e+00
3.281927872511474220e+01 3.520133360187496785e-01 5.300000000000000711e+00
4.101127070551299880e+01 7.938888972989910364e-02 5.300000000000000711e+00
5.124805876960931528e+01 1.261966100768312574e-02 5.300000000000000711e+00
6.404004271197275955e+01 1.279128879553197672e-03 5.300000000000000711e+00
8.002502278161051663e+01 7.278938317325237472e-05 5.300000000000000711e+00
1.000000000000000000e+02 1.987691245014727305e-06 5.300000000000000711e+00
1.000000000000000056e-01 8.641582556642938423e-03 5.600000000000000533e+00
1.249609141291986997e-01 1.347902472732005578e-02 5.600000000000000533e+00
1.561523006000497260e-01 2.101829885776657775e-02 5.600000000000000533e+00
1.951293422635963226e-01 3.276241701156396707e-02 5.600000000000000533e+00
2.438354098268828429e-01 5.104444280526435757e-02 5.600000000000000533e+00
3.046989570903508304e-01 7.947963028023863341e-02 5.600000000000000533e+00
3.807546021222372179e-01 1.236571318006716713e-01 5.600000000000000533e+00
4.757944314009410203e-01 1.921906312469773837e-01 5.600000000000000533e+00
5.945570708544390959e-01 2.982975377783056992e-01 5.600000000000000533e+00
7.429639507594948400e-01 4.621354798225292826e-01 5.600000000000000533e+00
9.284145445194744717e-01 7.141740397936621187e-01 5.600000000000000533e+00
1.160155301739971501e+00 1.099859574753284219e+00 5.600000000000000533e+00
1.449740670372631435e+00 1.685580052310704957e+00 5.600000000000000533e+00
1.811609194200414219e+00 2.565050795984431531e+00 5.600000000000000533e+00
2.263803409521447652e+00 3.862784158493780762e+00 5.600000000000000533e+00
2.828869434625969514e+00 5.725366347779656806e+00 5.600000000000000533e+00
3.534981105030105653e+00 8.279072658210258950e+00 5.600000000000000533e+00
4.417344703140068773e+00 1.151500556378456075e+01 5.600000000000000533e+00
5.519954321281570486e+00 1.506749735746529240e+01 5.600000000000000533e+00
6.897785379387654459e+00 1.797414850373304773e+01 5.600000000000000533e+00
8.619535664753032123e+00 1.882303229525980015e+01 5.600000000000000533e+00
1.077105056036769071e+01 1.671247017050997030e+01 5.600000000000000533e+00
1.345960324155364241e+01 1.229750106011762334e+01 5.600000000000000533e+00
1.681924324880868937e+01 7.420152109006076024e+00 5.600000000000000533e+00
2.101748011332487209e+01 3.650731782358750177e+00 5.600000000000000533e+00
2.626363527653332852e+01 1.453254537657788115e+00 5.600000000000000533e+00
3.281927872511474220e+01 4.601829327487113042e-01 5.600000000000000533e+00
4.101127070551299880e+01 1.117831285465719499e-01 5.600000000000000533e+00
5.124805876960931528e+01 1.953379543829907722e-02 5.600000000000000533e+00
6.404004271197275955e+01 2.236789504531349303e-03 5.600000000000000533e+00
8.002502278161051663e+01 1.487763680192677701e-04 5.600000000000000533e+00
1.000000000000000000e+02 4.951514490393025605e-06 5.600000000000000533e+00
1.000000000000000056e-01 7.390933160201139385e-03 5.900000000000000355e+00
1.249609141291986997e-01 1.152895317587546847e-02 5.900000000000000355e+00
1.561523006000497260e-01 1.797882386856899939e-02 5.900000000000000355e+00
1.951293422635963226e-01 2.802727639423775036e-02 5.900000000000000355e+00
2.438354098268828429e-01 4.367232957368805818e-02 5.900000000000000355e+00
3.046989570903508304e-01 6.801145647166501051e-02 5.900000000000000355e+00
3.807546021222372179e-01 1.058362247791939242e-01 5.900000000000000355e+00
4.757944314009410203e-01 1.645372338681213853e-01 5.900000000000000355e+00
5.945570708544390959e-01 2.554681719613963731e-01 5.900000000000000355e+00
7.429639507594948400e-01 3.959727716501049710e-01 5.900000000000000355e+00
9.284145445194744717e-01 6.123303672820598065e-01 5.900000000000000355e+00
1.160155301739971501e+00 9.438808220633189139e-01 5.900000000000000355e+00
1.449740670372631435e+00 1.448425456241174025e+00 5.900000000000000355e+00
1.811609194200414219e+00 2.208355744058887904e+00 5.900000000000000355e+00
2.263803409521447652e+00 3.335099543800591704e+00 5.900000000000000355e+00
2.828869434625969514e+00 4.964833916928912849e+00 5.900000000000000355e+00
3.534981105030105653e+00 7.228434683721690845e+00 5.900000000000000355e+00
4.417344703140068773e+00 1.016251499625188082e+01 5.900000000000000355e+00
5.519954321281570486e+00 1.352268575632966829e+01 5.900000000000000355e+00
6.897785379387654459e+00 1.653846853759403501e+01 5.900000000000000355e+00
8.619535664753032123e+00 1.791712872821481994e+01 5.900000000000000355e+00
1.077105056036769071e+01 1.657772225512289310e+01 5.900000000000000355e+00
1.345960324155364241e+01 1.276358892647266785e+01 5.900000000000000355e+00
1.681924324880868937e+01 8.072230609281680458e+00 5.900000000000000355e+00
2.101748011332487209e+01 4.168142207336152261e+00 5.900000000000000355e+00
2.626363527653332852e+01 1.745432097429849172e+00 5.900000000000000355e+00
3.281927872511474220e+01 5.845065087227492295e-01 5.900000000000000355e+00
4.101127070551299880e+01 1.517828033185812941e-01 5.900000000000000355e+00
5.124805876960931528e+01 2.886129244123625259e-02 5.900000000000000355e+00
6.404004271197275955e+01 3.684768385473461902e-03 5.900000000000000355e+00
8.002502278161051663e+01 2.817700693810460820e-04 5.900000000000000355e+00
1.000000000000000000e+02 1.119597818475119169e-05 5.900000000000000355e+00
1.000000000000000056e-01 6.370427405412919068e-03 6.200000000000001066e+00
1.249609141291986997e-01 9.937612248584406713e-03 6.200000000000001066e+00
1.561523006000497260e-01 1.549824449992288217e-02 6.200000000000001066e+00
1.951293422635963226e-01 2.416235080610187880e-02 6.200000000000001066e+00
2.438354098268828429e-01 3.765408869899945776e-02 6.200000000000001066e+00
3.046989570903508304e-01 5.864744418366089201e-02 6.200000000000001066e+00
3.807546021222372179e-01 9.128110369322624262e-02 6.200000000000001066e+00
4.757944314009410203e-01 1.419433165018331444e-01 6.200000000000001066e+00
5.945570708544390959e-01 2.204578669162415572e-01 6.200000000000001066e+00
7.429639507594948400e-01 3.418529725899360217e-01 6.200000000000001066e+00
9.284145445194744717e-01 5.289471015923672415e-01 6.200000000000001066e+00
1.160155301739971501e+00 8.160068019628643476e-01 6.200000000000001066e+00
1.449740670372631435e+00 1.253628129144860992e+00 6.200000000000001066e+00
1.811609194200414219e+00 1.914522847353493207e+00 6.200000000000001066e+00
2.263803409521447652e+00 2.898470415341207751e+00 6.200000000000001066e+00
2.828869434625969514e+00 4.331052276624220987e+00 6.200000000000001066e+00
3.534981105030105653e+00 6.342643201014374732e+00 6.200000000000001066e+00
4.417344703140068773e+00 8.999746419517096641e+00 6.200000000000001066e+00
5.519954321281570486e+00 1.214969361820918614e+01 6.200000000000001066e+00
6.897785379387654459e+00 1.518642937610704102e+01 6.200000000000001066e+00
8.619535664753032123e+00 1.695913067830698040e+01 6.200000000000001066e+00
1.077105056036769071e+01 1.629670111563054746e+01 6.200000000000001066e+00
1.345960324155364241e+01 1.309098085508760967e+01 6.200000000000001066e+00
1.681924324880868937e+01 8.655334697654065934e+00 6.200000000000001066e+00
2.101748011332487209e+01 4.677732237400553217e+00 6.200000000000001066e+00
2.626363527653332852e+01 2.054045368987709175e+00 6.200000000000001066e+00
3.281927872511474220e+01 7.243125509930560257e-01 6.200000000000001066e+00
4.101127070551299880e+01 1.998229255559247630e-01 6.200000000000001066e+00
5.124805876960931528e+01 4.099014024889374025e-02 6.200000000000001066e+00
6.404004271197275955e+01 5.769811727531859100e-03 6.200000000000001066e+00
8.002502278161051663e+01 5.001340595869559810e-04 6.200000000000001066e+00
1.000000000000000000e+02 2.331061825413751368e-05 6.200000000000001066e+00
1.000000000000000056e-01 5.529471621694999513e-03 6.500000000000000888e+00
1.249609141291986997e-01 8.626165952980928420e-03 6.500000000000000888e+00
1.561523006000497260e-01 1.345378688101025143e-02 6.500000000000000888e+00
1.951293422635963226e-01 2.097658072975531682e-02 6.500000000000000888e+00
2.438354098268828429e-01 3.269267875464243467e-02 6.500000000000000888e+00
3.046989570903508304e-01 5.092635915148614051e-02 6.500000000000000888e+00
3.807546021222372179e-01 7.927677115045318745e-02 6.500000000000000888e+00
4.757944314009410203e-01 1.233029768362864237e-01 6.500000000000000888e+00
5.945570708544390959e-01 1.915613157052160065e-01 6.500000000000000888e+00
7.429639507594948400e-01 2.971576552769223389e-01 6.500000000000000888e+00
9.284145445194744717e-01 4.600280525338620863e-01 6.500000000000000888e+00
1.160155301739971501e+00 7.101924312133182093e-01 6.500000000000000888e+00
1.449740670372631435e+00 1.092164978458722402e+00 6.500000000000000888e+00
1.811609194200414219e+00 1.670362004358078467e+00 6.500000000000000888e+00
2.263803409521447652e+00 2.534258476882430333e+00 6.500000000000000888e+00
2.828869434625969514e+00 3.799166891293750403e+00 6.500000000000000888e+00
3.534981105030105653e+00 5.591871160150753362e+00 6.500000000000000888e+00
4.417344703140068773e+00 7.997792230173939920e+00 6.500000000000000888e+00
5.519954321281570486e+00 1.093293248744139134e+01 6.500000000000000888e+00
6.897785379387654459e+00 1.392876533582275123e+01 6.500000000000000888e+00
8.619535664753032123e+00 1.598240049705934851e+01 6.500000000000000888e+00
1.077105056036769071e+01 1.590060348114601396e+01 6.500000000000000888e+00
1.345960324155364241e+01 1.329046302667482848e+01 6.500000000000000888e+00
1.681924324880868937e+01 9.164446888563839266e+00 6.500000000000000888e+00
2.101748011332487209e+01 5.171456741711680571e+00 6.500000000000000888e+00
2.626363527653332852e+01 2.374687502681140927e+00 6.500000000000000888e+00
3.281927872511474220e+01 8.785911952805909308e-01 6.500000000000000888e+00
4.101127070551299880e+01 2.561753810703432110e-01 6.500000000000000888e+00
5.124805876960931528e+01 5.627846624146472243e-02 6.500000000000000888e+00
6.404004271197275955e+01 8.650463829125281182e-03 6.500000000000000888e+00
8.002502278161051663e+01 8.396947504588510823e-04 6.500000000000000888e+00
1.000000000000000000e+02 4.521521472787378066e-05 6.500000000000000888e+00
1.000000000000000056e-01 4.830252918866427547e-03 6.800000000000000711e+00
1.249609141291986997e-01 7.535687260948942257e-03 6.800000000000000711e+00
1.561523006000497260e-01 1.175366944339641638e-02 6.800000000000000711e+00
1.951293422635963226e-01 1.832711123878887072e-02 6.800000000000000711e+00
2.438354098268828429e-01 2.856595091054597857e-02 6.800000000000000711e+00
3.046989570903508304e-01 4.450315226269684066e-02 6.800000000000000711e+00
3.807546021222372179e-01 6.928812063488506978e-02 6.800000000000000711e+00
4.757944314009410203e-01 1.077880989349542240e-01 6.800000000000000711e+00
5.945570708544390959e-01 1.675005939594211568e-01 6.800000000000000711e+00
7.429639507594948400e-01 2.599225377362027189e-01 6.800000000000000711e+00
9.284145445194744717e-01 4.025707988383256386e-01 6.800000000000000711e+00
1.160155301739971501e+00 6.218856692775904804e-01 6.800000000000000711e+00
1.449740670372631435e+00 9.572180891021837557e-01 6.800000000000000711e+00
1.811609194200414219e+00 1.465852332488401855e+00 6.800000000000000711e+00
2.263803409521447652e+00 2.228175936635651944e+00 6.800000000000000711e+00
2.828869434625969514e+00 3.349824557915790368e+00 6.800000000000000711e+00
3.534981105030105653e+00 4.952204838869505465e+00 6.800000000000000711e+00
4.417344703140068773e+00 7.131984549629351022e+00 6.800000000000000711e+00
5.519954321281570486e+00 9.856093596819702540e+00 6.800000000000000711e+00
6.897785379387654459e+00 1.276912665232837263e+01 6.800000000000000711e+00
8.619535664753032123e+00 1.501171410267348705e+01 6.800000000000000711e+00
1.077105056036769071e+01 1.541741907117868493e+01 6.800000000000000711e+00
1.345960324155364241e+01 1.337483147286640950e+01 6.800000000000000711e+00
1.681924324880868937e+01 9.597354553350138318e+00 6.800000000000000711e+00
2.101748011332487209e+01 5.642511979925486365e+00 6.800000000000000711e+00
2.626363527653332852e+01 2.702954291689176003e+00 6.800000000000000711e+00
3.281927872511474220e+01 1.046055063744578240e+00 6.800000000000000711e+00
4.101127070551299880e+01 3.209527687386893313e-01 6.800000000000000711e+00
5.124805876960931528e+01 7.504448976105658475e-02 6.800000000000000711e+00
6.404004271197275955e+01 1.249205705124576023e-02 6.800000000000000711e+00
8.002502278161051663e+01 1.343676226731832556e-03 6.800000000000000711e+00
1.000000000000000000e+02 8.249388085617134010e-05 6.800000000000000711e+00
1.000000000000000056e-01 4.244125629918420878e-03 7.100000000000001421e+00
1.249609141291986997e-01 6.621530900682085809e-03 7.100000000000001421e+00
1.561523006000497260e-01 1.032834650832006006e-02 7.100000000000001421e+00
1.951293422635963226e-01 1.610567951586285712e-02 7.100000000000001421e+00
2.438354098268828429e-01 2.510551430304867535e-02 7.100000000000001421e+00
3.046989570903508304e-01 3.911620154661658161e-02 7.100000000000001421e+00
3.807546021222372179e-01 6.090927791037531458e-02 7.100000000000001421e+00
4.757944314009410203e-01 9.477025514758520564e-02 7.100000000000001421e+00
5.945570708544390959e-01 1.473052788160635063e-01 7.100000000000001421e+00
7.429639507594948400e-01 2.286545942029512557e-01 7.100000000000001421e+00
9.284145445194744717e-01 3.542901742567475809e-01 7.100000000000001421e+00
1.160155301739971501e+00 5.476150905718080164e-01 7.100000000000001421e+00
1.449740670372631435e+00 8.435725250894107186e-01 7.100000000000001421e+00
1.811609194200414219e+00 1.293293015437048110e+00 7.100000000000001421e+00
2.263803409521447652e+00 1.969158542506831866e+00 7.100000000000001421e+00
2.828869434625969514e+00 2.967839831267208517e+00 7.100000000000001421e+00
3.534981105030105653e+00 4.404421329336812185e+00 7.100000000000001421e+00
4.417344703140068773e+00 6.381485111313956793e+00 7.100000000000001421e+00
5.519954321281570486e+00 8.903343377299917094e+00 7.100000000000001421e+00
6.897785379387654459e+00 1.170650473328562668e+01 7.100000000000001421e+00
8.619535664753032123e+00 1.406478388183808015e+01 7.100000000000001421e+00
1.077105056036769071e+01 1.487148089103959414e+01 7.100000000000001421e+00
1.345960324155364241e+01 1.335787378885151000e+01 7.100000000000001421e+00
1.681924324880868937e+01 9.954154680297344626e+00 7.100000000000001421e+00
2.101748011332487209e+01 6.085367224213925397e+00 7.100000000000001421e+00
2.626363527653332852e+01 3.034582807135859372e+00 7.100000000000001421e+00
3.281927872511474220e+01 1.225200939658783961e+00 7.100000000000001421e+00
4.101127070551299880e+01 3.941168887841229318e-01 7.100000000000001421e+00
5.124805876960931528e+01 9.755954679635542304e-02 7.100000000000001421e+00
6.404004271197275955e+01 1.746174690853255843e-02 7.100000000000001421e+00
8.002502278161051663e+01 2.062222262889902395e-03 7.100000000000001421e+00
1.000000000000000000e+02 1.426988625378416552e-04 7.100000000000001421e+00
1.000000000000000056e-01 3.749119765893773725e-03 7.400000000000001243e+00
1.249609141291986997e-01 5.849452878982139455e-03 7.400000000000001243e+00
1.561523006000497260e-01 9.124468884062871682e-03 7.400000000000001243e+00
1.951293422635963226e-01 1.422922403140175138e-02 7.400000000000001243e+00
2.438354098268828429e-01 2.218215156620932313e-02 7.400000000000001243e+00
3.046989570903508304e-01 3.456469771010568792e-02 7.400000000000001243e+00
3.807546021222372179e-01 5.382861008727692770e-02 7.400000000000001243e+00
4.757944314009410203e-01 8.376672225110340375e-02 7.400000000000001243e+00
5.945570708544390959e-01 1.302294973388078148e-01 7.400000000000001243e+00
7.429639507594948400e-01 2.022053163437853018e-01 7.400000000000001243e+00
9.284145445194744717e-01 3.134262259191060718e-01 7.400000000000001243e+00
1.160155301739971501e+00 4.847024832867212196e-01 7.400000000000001243e+00
1.449740670372631435e+00 7.471944338943652397e-01 7.400000000000001243e+00
1.811609194200414219e+00 1.146703053414551698e+00 7.400000000000001243e+00
2.263803409521447652e+00 1.748556178016809959e+00 7.400000000000001243e+00
2.828869434625969514e+00 2.641206808556455066e+00 7.400000000000001243e+00
3.534981105030105653e+00 3.933011595093721890e+00 7.400000000000001243e+00
4.417344703140068773e+00 5.728788964991088584e+00 7.400000000000001243e+00
5.519954321281570486e+00 8.059950520328493795e+00 7.400000000000001243e+00
6.897785379387654459e+00 1.073700044529183018e+01 7.400000000000001243e+00
8.619535664753032123e+00 1.315369781632945134e+01 7.400000000000001243e+00
1.077105056036769071e+01 1.428338538646913847e+01 7.400000000000001243e+00
1.345960324155364241e+01 1.325358275952598497e+01 7.400000000000001243e+00
1.681924324880868937e+01 1.023680383579628739e+01 7.400000000000001243e+00
2.101748011332487209e+01 6.495719249620637292e+00 7.400000000000001243e+00
2.626363527653332852e+01 3.365554848518840014e+00 7.400000000000001243e+00
3.281927872511474220e+01 1.414369229610694889e+00 7.400000000000001243e+00
4.101127070551299880e+01 4.754905757677683198e-01 7.400000000000001243e+00
5.124805876960931528e+01 1.240437908913921139e-01 7.400000000000001243e+00
6.404004271197275955e+01 2.372391746799427936e-02 7.400000000000001243e+00
8.002502278161051663e+01 3.051571136125706945e-03 7.400000000000001243e+00
1.000000000000000000e+02 2.355968154643748441e-04 7.400000000000001243e+00
1.000000000000000056e-01 3.328194281483759509e-03 7.700000000000001066e+00
1.249609141291986997e-01 5.192889683727611866e-03 7.700000000000001066e+00
1.561523006000497260e-01 8.100648671453689748e-03 7.700000000000001066e+00
1.951293422635963226e-01 1.263329778256981097e-02 7.700000000000001066e+00
2.438354098268828429e-01 1.969558647158739517e-02 7.700000000000001066e+00
3.046989570903508304e-01 3.069277231358757616e-02 7.700000000000001066e+00
3.807546021222372179e-01 4.780415561201238617e-02 7.700000000000001066e+00
4.757944314009410203e-01 7.440254991756907466e-02 7.700000000000001066e+00
5.945570708544390959e-01 1.156935871826518109e-01 7.700000000000001066e+00
7.429639507594948400e-01 1.796814611236597359e-01 7.700000000000001066e+00
9.284145445194744717e-01 2.786087125193348890e-01 7.700000000000001066e+00
1.160155301739971501e+00 4.310594669811034230e-01 7.700000000000001066e+00
1.449740670372631435e+00 6.649311029682397622e-01 7.700000000000001066e+00
1.811609194200414219e+00 1.021391247454765505e+00 7.700000000000001066e+00
2.263803409521447652e+00 1.559545188880119504e+00 7.700000000000001066e+00
2.828869434625969514e+00 2.360362965035518457e+00 7.700000000000001066e+00
3.534981105030105653e+00 3.525408942117614242e+00 7.700000000000001066e+00
4.417344703140068773e+00 5.159230399255174682e+00 7.700000000000001066e+00
5.519954321281570486e+00 7.312562807489582539e+00 7.700000000000001066e+00
6.897785379387654459e+00 9.855038995521203660e+00 7.700000000000001066e+00
8.619535664753032123e+00 1.228618632865068427e+01 7.700000000000001066e+00
1.077105056036769071e+01 1.367015607538877298e+01 7.700000000000001066e+00
1.345960324155364241e+01 1.307557737212402138e+01 7.700000000000001066e+00
1.681924324880868937e+01 1.044867974429705271e+01 7.700000000000001066e+00
2.101748011332487209e+01 6.870433016645292490e+00 7.700000000000001066e+00
2.626363527653332852e+01 3.692180766691265603e+00 7.700000000000001066e+00
3.281927872511474220e+01 1.611800087029149120e+00 7.700000000000001066e+00
4.101127070551299880e+01 5.647716492841192704e-01 7.700000000000001066e+00
5.124805876960931528e+01 1.546640871910369697e-01 7.700000000000001066e+00
6.404004271197275955e+01 3.143616003112863905e-02 7.700000000000001066e+00
8.002502278161051663e+01 4.372971355494071483e-03 7.700000000000001066e+00
1.000000000000000000e+02 3.733371553229153979e-04 7.700000000000001066e+00
1.000000000000000056e-01 2.967993745310633889e-03 8.000000000000000000e+00
1.249609141291986997e-01 4.631021398878777152e-03 8.000000000000000000e+00
1.561523006000497260e-01 7.224443876580771175e-03 8.000000000000000000e+00
1.951293422635963226e-01 1.126737775826068717e-02 8.000000000000000000e+00
2.438354098268828429e-01 1.756719552888971053e-02 8.000000000000000000e+00
3.046989570903508304e-01 2.737818878859623120e-02 8.000000000000000000e+00
3.807546021222372179e-01 4.264611005576519898e-02 8.000000000000000000e+00
4.757944314009410203e-01 6.638350599768386151e-02 8.000000000000000000e+00
5.945570708544390959e-01 1.032424516715777785e-01 8.000000000000000000e+00
7.429639507594948400e-01 1.603812643612906597e-01 8.000000000000000000e+00
9.284145445194744717e-01 2.487600983114539310e-01 8.000000000000000000e+00
1.160155301739971501e+00 3.850415145808462336e-01 8.000000000000000000e+00
1.449740670372631435e+00 5.942948048024179197e-01 8.000000000000000000e+00
1.811609194200414219e+00 9.136442577031107515e-01 8.000000000000000000e+00
2.263803409521447652e+00 1.396697181973435731e+00 8.000000000000000000e+00
2.828869434625969514e+00 2.117637309813606983e+00 8.000000000000000000e+00
3.534981105030105653e+00 3.171383142277889977e+00 8.000000000000000000e+00
4.417344703140068773e+00 4.660531129518776794e+00 8.000000000000000000e+00
5.519954321281570486e+00 6.649279519493378032e+00 8.000000000000000000e+00
6.897785379387654459e+00 9.054207088262911540e+00 8.000000000000000000e+00
8.619535664753032123e+00 1.146668667692927102e+01 8.000000000000000000e+00
1.077105056036769071e+01 1.304555211020537264e+01 8.000000000000000000e+00
1.345960324155364241e+01 1.283670093986964034e+01 8.000000000000000000e+00
1.681924324880868937e+01 1.059420087409634093e+01 8.000000000000000000e+00
2.101748011332487209e+01 7.207424258960252850e+00 8.000000000000000000e+00
2.626363527653332852e+01 4.011145616673186254e+00 8.000000000000000000e+00
3.281927872511474220e+01 1.815683878601624279e+00 8.000000000000000000e+00
4.101127070551299880e+01 6.615482360556551589e-01 8.000000000000000000e+00
5.124805876960931528e+01 1.895336694227089391e-01 8.000000000000000000e+00
6.404004271197275955e+01 4.074592489260666500e-02 8.000000000000000000e+00
8.002502278161051663e+01 6.091433148075127944e-03 8.000000000000000000e+00
1.000000000000000000e+02 5.705305927992406585e-04 8.000000000000000000e+00
1.000000000000000056e-01 2.657950907360081671e-03 8.300000000000000711e+00
1.249609141291986997e-01 4.147373523516554965e-03 8.300000000000000711e+00
1.561523006000497260e-01 6.470181406030885325e-03 8.300000000000000711e+00
1.951293422635963226e-01 1.009147796194940529e-02 8.300000000000000711e+00
2.438354098268828429e-01 1.573474395562793338e-02 8.300000000000000711e+00
3.046989570903508304e-01 2.452417215309276449e-02 8.300000000000000711e+00
3.807546021222372179e-01 3.820416782609534906e-02 8.300000000000000711e+00
4.757944314009410203e-01 5.947651242915719116e-02 8.300000000000000711e+00
5.945570708544390959e-01 9.251542275483894129e-02 8.300000000000000711e+00
7.429639507594948400e-01 1.437482321301796762e-01 8.300000000000000711e+00
9.284145445194744717e-01 2.230251721448852087e-01 8.300000000000000711e+00
1.160155301739971501e+00 3.453417985924523426e-01 8.300000000000000711e+00
1.449740670372631435e+00 5.333050533568087781e-01 8.300000000000000711e+00
1.811609194200414219e+00 8.204976475051044549e-01 8.300000000000000711e+00
2.263803409521447652e+00 1.255659416684286711e+00 8.300000000000000711e+00
2.828869434625969514e+00 1.906833894608794155e+00 8.300000000000000711e+00
3.534981105030105653e+00 2.862565528463655529e+00 8.300000000000000711e+00
4.417344703140068773e+00 4.222405310168800163e+00 8.300000000000000711e+00
5.519954321281570486e+00 6.059609349795137767e+00 8.300000000000000711e+00
6.897785379387654459e+00 8.327804572241930714e+00 8.300000000000000711e+00
8.619535664753032123e+00 1.069720929261614550e+01 8.300000000000000711e+00
1.077105056036769071e+01 1.242044941594826035e+01 8.300000000000000711e+00
1.345960324155364241e+01 1.254876329694466897e+01 8.300000000000000711e+00
1.681924324880868937e+01 1.067848799146942618e+01 8.300000000000000711e+00
2.101748011332487209e+01 7.505554066943913583e+00 8.300000000000000711e+00
2.626363527653332852e+01 4.319540604984558385e+00 8.300000000000000711e+00
3.281927872511474220e+01 2.024206074711153658e+00 8.300000000000000711e+00
4.101127070551299880e+01 7.653148663947660912e-01 8.300000000000000711e+00
5.124805876960931528e+01 2.287131350457548284e-01 8.300000000000000711e+00
6.404004271197275955e+01 5.178786329873766303e-02 8.300000000000000711e+00
8.002502278161051663e+01 8.274404875262051165e-03 8.300000000000000711e+00
1.000000000000000000e+02 8.442345883838606440e-04 8.300000000000000711e+00
1.000000000000000056e-01 2.389630563683088280e-03 8.600000000000001421e+00
1.249609141291986997e-01 3.728794631786333004e-03 8.600000000000001421e+00
1.561523006000497260e-01 5.817365065737365760e-03 8.600000000000001421e+00
1.951293422635963226e-01 9.073672197002991685e-03 8.600000000000001421e+00
2.438354098268828429e-01 1.414853481644792049e-02 8.600000000000001421e+00
3.046989570903508304e-01 2.205343050324641910e-02 8.600000000000001421e+00
3.807546021222372179e-01 3.435825630226838762e-02 8.600000000000001421e+00
4.757944314009410203e-01 5.349531737592840702e-02 8.600000000000001421e+00
5.945570708544390959e-01 8.322417520194327900e-02 8.600000000000001421e+00
7.429639507594948400e-01 1.293372449795510415e-01 8.600000000000001421e+00
9.284145445194744717e-01 2.007193497826104123e-01 8.600000000000001421e+00
1.160155301739971501e+00 3.109130581732609810e-01 8.600000000000001421e+00
1.449740670372631435e+00 4.803721349949549579e-01 8.600000000000001421e+00
1.811609194200414219e+00 7.395659825116410735e-01 8.600000000000001421e+00
2.263803409521447652e+00 1.132915606994301827e+00 8.600000000000001421e+00
2.828869434625969514e+00 1.722915260937020632e+00 8.600000000000001421e+00
3.534981105030105653e+00 2.592076552141945101e+00 8.600000000000001421e+00
4.417344703140068773e+00 3.836223101985649198e+00 8.600000000000001421e+00
5.519954321281570486e+00 5.534369321848830126e+00 8.600000000000001421e+00
6.897785379387654459e+00 7.669197934739901967e+00 8.600000000000001421e+00
8.619535664753032123e+00 9.978012307445899509e+00 8.600000000000001421e+00
1.077105056036769071e+01 1.180324483018558723e+01 8.600000000000001421e+00
1.345960324155364241e+01 1.222239866819552390e+01 8.600000000000001421e+00
1.681924324880868937e+01 1.070708322411923952e+01 8.600000000000001421e+00
2.101748011332487209e+01 7.764487666266005839e+00 8.600000000000001421e+00
2.626363527653332852e+01 4.614874931369610245e+00 8.600000000000001421e+00
3.281927872511474220e+01 2.235585241926972611e+00 8.600000000000001421e+00
4.101127070551299880e+01 8.754885593812505862e-01 8.600000000000001421e+00
5.124805876960931528e+01 2.722124808083544734e-01 8.600000000000001421e+00
6.404004271197275955e+01 6.468182820887177775e-02 8.600000000000001421e+00
8.002502278161051663e+01 1.099045065805601996e-02 8.600000000000001421e+00
1.000000000000000000e+02 1.213850012093990131e-03 8.600000000000001421e+00
1.000000000000000056e-01 2.156244115659935491e-03 8.900000000000002132e+00
1.249609141291986997e-01 3.364699931272939048e-03 8.900000000000002132e+00
1.561523006000497260e-01 5.249497490513008353e-03 8.900000000000002132e+00
1.951293422635963226e-01 8.188260682611560315e-03 8.900000000000002132e+00
2.438354098268828429e-01 1.276855847496502147e-02 8.900000000000002132e+00
3.046989570903508304e-01 1.990372841805230011e-02 8.900000000000002132e+00
3.807546021222372179e-01 3.101167297990126831e-02 8.900000000000002132e+00
4.757944314009410203e-01 4.828987846347514157e-02 8.900000000000002132e+00
5.945570708544390959e-01 7.513635134176119279e-02 8.900000000000002132e+00
7.429639507594948400e-01 1.167894048267474061e-01 8.900000000000002132e+00
9.284145445194744717e-01 1.812902633096825644e-01 8.900000000000002132e+00
1.160155301739971501e+00 2.809094418015996575e-01 8.900000000000002132e+00
1.449740670372631435e+00 4.342101741926089331e-01 8.900000000000002132e+00
1.811609194200414219e+00 6.689154496148522755e-01 8.900000000000002132e+00
2.263803409521447652e+00 1.025605247264746112e+00 8.900000000000002132e+00
2.828869434625969514e+00 1.561760136388688824e+00 8.900000000000002132e+00
3.534981105030105653e+00 2.354233090299776343e+00 8.900000000000002132e+00
4.417344703140068773e+00 3.494728569902576965e+00 8.900000000000002132e+00
5.519954321281570486e+00 5.065557982846003782e+00 8.900000000000002132e+00
6.897785379387654459e+00 7.072033291035634939e+00 8.900000000000002132e+00
8.619535664753032123e+00 9.308143045865127974e+00 8.900000000000002132e+00
1.077105056036769071e+01 1.120024900352513519e+01 8.900000000000002132e+00
1.345960324155364241e+01 1.186701040326203227e+01 8.900000000000002132e+00
1.681924324880868937e+01 1.068571826537930747e+01 8.900000000000002132e+00
2.101748011332487209e+01 7.984581338586206556e+00 8.900000000000002132e+00
2.626363527653332852e+01 4.895074566315784637e+00 8.900000000000002132e+00
3.281927872511474220e+01 2.448104926752291188e+00 8.900000000000002132e+00
4.101127070551299880e+01 9.914250158221433740e-01 8.900000000000002132e+00
5.124805876960931528e+01 3.199938757730063643e-01 8.900000000000002132e+00
6.404004271197275955e+01 7.953146932990412532e-02 8.900000000000002132e+00
8.002502278161051663e+01 1.430798900943516631e-02 8.900000000000002132e+00
1.000000000000000000e+02 1.700939086369626565e-03 8.900000000000002132e+00
1.000000000000000056e-01 1.952286448098858058e-03 9.200000000000001066e+00
1.249609141291986997e-01 3.046505380784861241e-03 9.200000000000001066e+00
1.561523006000497260e-01 4.753198758211102555e-03 9.200000000000001066e+00
1.951293422635963226e-01 7.414398207848503161e-03 9.200000000000001066e+00
2.438354098268828429e-01 1.156235928047808642e-02 9.200000000000001066e+00
3.046989570903508304e-01 1.802457340661773807e-02 9.200000000000001066e+00
3.807546021222372179e-01 2.808594670273420468e-02 9.200000000000001066e+00
4.757944314009410203e-01 4.373840994427530965e-02 9.200000000000001066e+00
5.945570708544390959e-01 6.806328783301265895e-02 9.200000000000001066e+00
7.429639507594948400e-01 1.058131681083683689e-01 9.200000000000001066e+00
9.284145445194744717e-01 1.642889180499511048e-01 9.200000000000001066e+00
1.160155301739971501e+00 2.546427644806391055e-01 9.200000000000001066e+00
1.449740670372631435e+00 3.937715830626263847e-01 9.200000000000001066e+00
1.811609194200414219e+00 6.069674290809617956e-01 9.200000000000001066e+00
2.263803409521447652e+00 9.313859432196447408e-01 9.200000000000001066e+00
2.828869434625969514e+00 1.419976659536701158e+00 9.200000000000001066e+00
3.534981105030105653e+00 2.144317716768685322e+00 9.200000000000001066e+00
4.417344703140068773e+00 3.191805362901569687e+00 9.200000000000001066e+00
5.519954321281570486e+00 4.646222181922404992e+00 9.200000000000001066e+00
6.897785379387654459e+00 6.530358330039080172e+00 9.200000000000001066e+00
8.619535664753032123e+00 8.685830108248094206e+00 9.200000000000001066e+00
1.077105056036769071e+01 1.061605063381539615e+01 9.200000000000001066e+00
1.345960324155364241e+01 1.149077970652403735e+01 9.200000000000001066e+00
1.681924324880868937e+01 1.062012995405842908e+01 9.200000000000001066e+00
2.101748011332487209e+01 8.166757624718419706e+00 9.200000000000001066e+00
2.626363527653332852e+01 5.158459438093925264e+00 9.200000000000001066e+00
3.281927872511474220e+01 2.660136565552893462e+00 9.200000000000001066e+00
4.101127070551299880e+01 1.112433858362796624e+00 9.200000000000001066e+00
5.124805876960931528e+01 3.719750508732228012e-01 9.200000000000001066e+00
6.404004271197275955e+01 9.642334397406480961e-02 9.200000000000001066e+00
8.002502278161051663e+01 1.829413460505097469e-02 9.200000000000001066e+00
1.000000000000000000e+02 2.328978486322919646e-03 9.200000000000001066e+00
1.000000000000000056e-01 1.773261516329536569e-03 9.500000000000001776e+00
1.249609141291986997e-01 2.767200019139236678e-03 9.500000000000001776e+00
1.561523006000497260e-01 4.317540210708515659e-03 9.500000000000001776e+00
1.951293422635963226e-01 6.735057121466523494e-03 9.500000000000001776e+00
2.438354098268828429e-01 1.050342269182692224e-02 9.500000000000001776e+00
3.046989570903508304e-01 1.637471020019250559e-02 9.500000000000001776e+00
3.807546021222372179e-01 2.551695065531812620e-02 9.500000000000001776e+00
4.757944314009410203e-01 3.974136487410179219e-02 9.500000000000001776e+00
5.945570708544390959e-01 6.185072392811134800e-02 9.500000000000001776e+00
7.429639507594948400e-01 9.617005207218183582e-02 9.500000000000001776e+00
9.284145445194744717e-01 1.493478186752031645e-01 9.500000000000001776e+00
1.160155301739971501e+00 2.315492850950746639e-01 9.500000000000001776e+00
1.449740670372631435e+00 3.581971640633011544e-01 9.500000000000001776e+00
1.811609194200414219e+00 5.524248342358444308e-01 9.500000000000001776e+00
2.263803409521447652e+00 8.483276365910642491e-01 9.500000000000001776e+00
2.828869434625969514e+00 1.294757415474362849e+00 9.500000000000001776e+00
3.534981105030105653e+00 1.958396141765573306e+00 9.500000000000001776e+00
4.417344703140068773e+00 2.922283149803283298e+00 9.500000000000001776e+00
5.519954321281570486e+00 4.270328105717272393e+00 9.500000000000001776e+00
6.897785379387654459e+00 6.038680703234530434e+00 9.500000000000001776e+00
8.619535664753032123e+00 8.108784711014209279e+00 9.500000000000001776e+00
1.077105056036769071e+01 1.005384059694054599e+01 9.500000000000001776e+00
1.345960324155364241e+01 1.110071872009809546e+01 9.500000000000001776e+00
1.681924324880868937e+01 1.051591738324611214e+01 9.500000000000001776e+00
2.101748011332487209e+01 8.312397109623335112e+00 9.500000000000001776e+00
2.626363527653332852e+01 5.403735061427814124e+00 9.500000000000001776e+00
3.281927872511474220e+01 2.870162872562223466e+00 9.500000000000001776e+00
4.101127070551299880e+01 1.237793150540827281e+00 9.500000000000001776e+00
5.124805876960931528e+01 4.280330385446944330e-01 9.500000000000001776e+00
6.404004271197275955e+01 1.154264592021103375e-01 9.500000000000001776e+00
8.002502278161051663e+01 2.301366999090271453e-02 9.500000000000001776e+00
1.000000000000000000e+02 3.123063411322948499e-03 9.500000000000001776e+00
1.000000000000000056e-01 1.615472988150812870e-03 9.800000000000000711e+00
1.249609141291986997e-01 2.521019659362320597e-03 9.800000000000000711e+00
1.561523006000497260e-01 3.933536126283051354e-03 9.800000000000000711e+00
1.951293422635963226e-01 6.136235952427645732e-03 9.800000000000000711e+00
2.438354098268828429e-01 9.569944253699108963e-03 9.800000000000000711e+00
3.046989570903508304e-01 1.492020790937310069e-02 9.800000000000000711e+00
3.807546021222372179e-01 2.325193428880247340e-02 9.800000000000000711e+00
4.757944314009410203e-01 3.621683839948323935e-02 9.800000000000000711e+00
5.945570708544390959e-01 5.637170067236826898e-02 9.800000000000000711e+00
7.429639507594948400e-01 8.766370435375270276e-02 9.800000000000000711e+00
9.284145445194744717e-01 1.361642267773188197e-01 9.800000000000000711e+00
1.160155301739971501e+00 2.111642433391634488e-01 9.800000000000000711e+00
1.449740670372631435e+00 3.267777893352241114e-01 9.800000000000000711e+00
1.811609194200414219e+00 5.042153618457639874e-01 9.800000000000000711e+00
2.263803409521447652e+00 7.748306915240928960e-01 9.800000000000000711e+00
2.828869434625969514e+00 1.183766168021564091e+00 9.800000000000000711e+00
3.534981105030105653e+00 1.793172166663307365e+00 9.800000000000000711e+00
4.417344703140068773e+00 2.681778181220066948e+00 9.800000000000000711e+00
5.519954321281570486e+00 3.932641998577777631e+00 9.800000000000000711e+00
6.897785379387654459e+00 5.591986333180349433e+00 9.800000000000000711e+00
8.619535664753032123e+00 7.574419942426729335e+00 9.800000000000000711e+00
1.077105056036769071e+01 9.515692775669128523e+00 9.800000000000000711e+00
1.345960324155364241e+01 1.070275227051460476e+01 9.800000000000000711e+00
1.681924324880868937e+01 1.037843571259783815e+01 9.800000000000000711e+00
2.101748011332487209e+01 8.423234897834896984e+00 9.800000000000000711e+00
2.626363527653332852e+01 5.629956338584362285e+00 9.800000000000000711e+00
3.281927872511474220e+01 3.076787219016807740e+00 9.800000000000000711e+00
4.101127070551299880e+01 1.366762876958932393e+00 9.800000000000000711e+00
5.124805876960931528e+01 4.880082218281306949e-01 9.800000000000000711e+00
6.404004271197275955e+01 1.365921819806175386e-01 9.800000000000000711e+00
8.002502278161051663e+01 2.852816140582775314e-02 9.800000000000000711e+00
1.000000000000000000e+02 4.109578684960654184e-03 9.800000000000000711e+00
